iDEVICE_f15_iter15:6.908982992172241
DEVICE_b15_iter15:6.346330046653748
DEVICE_f14_iter15:1.3678520917892456
DEVICE_b14_iter15:2.281472086906433
DEVICE_f13_iter15:1.3827905058860779
DEVICE_b13_iter15:2.3086965084075928
DEVICE_f12_iter15:1.3820305466651917
DEVICE_b12_iter15:2.292513847351074
DEVICE_f11_iter15:1.357398927211761
5DEVICE_b11_iter15:2.2350624203681946
DEVICE_f10_iter15:1.356035470962524
4DEVICE_b10_iter15:2.2427141666412354
DEVICE_f9_iter15:1.3665854930877686
DEVICE_b9_iter15:2.2464990615844727
DEVICE_f8_iter15:1.3759583234786987
DEVICE_b8_iter15:2.2818371653556824
DEVICE_f7_iter15:1.3452544808387756
DEVICE_b7_iter15:2.2577866911888123
DEVICE_f6_iter15:1.371331512928009
DEVICE_b6_iter15:2.2730380296707153
DEVICE_f5_iter15:1.3616755604743958
DEVICE_b5_iter15:2.2468268871307373
DEVICE_f4_iter15:1.3596415519714355
DEVICE_b4_iter15:2.260953187942505
DEVICE_f3_iter15:1.355133950710296
6DEVICE_b3_iter15:2.2337734699249268
DEVICE_f2_iter15:1.3683810830116272
DEVICE_b2_iter15:2.2973641753196716
DEVICE_f1_iter15:1.329883933067321
8DEVICE_b1_iter15:2.2080838680267334
DEVICE_f0_iter15:1.5467405319213867
DEVICE_b0_iter15:3.0990466475486755
pipeline_time_0iter15:497.30849266052246
