CE_f15_iter15:12.95064389705658
DEVICE_b15_iter15:11.497348546981812
DEVICE_f14_iter15:2.3208074271678925
DEVICE_b14_iter15:3.9778724312782288
DEVICE_f13_iter15:2.338290214538574
DEVICE_b13_iter15:4.000086337327957
DEVICE_f12_iter15:2.3246929049491882
DEVICE_b12_iter15:3.9569437503814697
DEVICE_f11_iter15:2.3191161453723907
DEVICE_b11_iter15:3.9611496031284332
DEVICE_f10_iter15:2.32074037194252
DEVICE_b10_iter15:3.965802490711212
DEVICE_f9_iter15:2.2910386323928833
DEVICE_b9_iter15:3.918621689081192
DEVICE_f8_iter15:2.3031048476696014
DEVICE_b8_iter15:3.954857587814331
DEVICE_f7_iter15:2.3037493228912354
DEVICE_b7_iter15:3.95260751247406
DEVICE_f6_iter15:2.2937320172786713
DEVICE_b6_iter15:3.903709352016449
DEVICE_f5_iter15:2.315990626811981
DEVICE_b5_iter15:3.9787739515304565
DEVICE_f4_iter15:2.3084692656993866
DEVICE_b4_iter15:3.970060497522354
DEVICE_f3_iter15:2.337925136089325
DEVICE_b3_iter15:3.9546899497509003
DEVICE_f2_iter15:2.323947846889496
DEVICE_b2_iter15:4.026312381029129
DEVICE_f1_iter15:2.300575375556946
DEVICE_b1_iter15:3.9575137197971344
DEVICE_f0_iter15:2.648238092660904
DEVICE_b0_iter15:4.997409880161285
pipeline_time_0iter15:1692.4526691436768
