DEVICE_f15_iter15:13.072575132052103
DEVICE_b15_iter15:11.560882131258646
DEVICE_f14_iter15:2.320408821105957
DEVICE_b14_iter15:3.964141011238098
DEVICE_f13_iter15:2.3023138443628945
DEVICE_b13_iter15:3.9159456888834634
DEVICE_f12_iter15:2.3282368977864585
DEVICE_b12_iter15:3.9513309796651206
DEVICE_f11_iter15:2.3112942775090537
DEVICE_b11_iter15:3.946855664253235
DEVICE_f10_iter15:2.3012161254882812
DEVICE_b10_iter15:3.917848070462545
DEVICE_f9_iter15:2.290939291318258
DEVICE_b9_iter15:3.894766171773275
DEVICE_f8_iter15:2.298931280771891
DEVICE_b8_iter15:3.9341747760772705
DEVICE_f7_iter15:2.305254340171814
DEVICE_b7_iter15:3.9424399534861245
DEVICE_f6_iter15:2.305438121159871
6DEVICE_b6_iter15:3.9226114749908447
DEVICE_f5_iter15:2.328813076019287
DEVICE_b5_iter15:3.9969484011332193
DEVICE_f4_iter15:2.311423420906067
DEVICE_b4_iter15:3.9341002702713013
DEVICE_f3_iter15:2.3310979207356772
DEVICE_b3_iter15:3.9476901292800903
DEVICE_f2_iter15:2.326895793279012
DEVICE_b2_iter15:4.029914736747742
DEVICE_f1_iter15:2.298747499783834
DEVICE_b1_iter15:3.9769460757573447
DEVICE_f0_iter15:2.6432226101557412
DEVICE_b0_iter15:4.968275626500447
pipeline_time_0iter15:3771.9473838806152
