DEVICE_f7_iter35:12.830615043640137
DEVICE_b7_iter35:11.467069387435913
DEVICE_f6_iter35:2.3449957370758057
DEVICE_b6_iter35:3.96651029586792
DEVICE_f5_iter35:2.290785312652588
DEVICE_b5_iter35:3.9319396018981934
DEVICE_f4_iter35:2.2962093353271484
DEVICE_b4_iter35:3.93831729888916
DEVICE_f3_iter35:2.303600311279297
DEVICE_b3_iter35:3.9193332195281982
DEVICE_f2_iter35:2.3145675659179688
DEVICE_b2_iter35:3.936171531677246
DEVICE_f1_iter35:2.2957921028137207
DEVICE_b1_iter35:3.9544999599456787
DEVICE_f0_iter35:2.6519596576690674
DEVICE_b0_iter35:4.978567361831665
pipeline_time_0iter88:245.99266052246094
