iEVICE_f15_iter15:6.861209869384766
DEVICE_b15_iter15:6.291141112645467
DEVICE_f14_iter15:1.3809502124786377
DEVICE_b14_iter15:2.30508546034495
DEVICE_f13_iter15:1.3959109783172607
DEVICE_b13_iter15:2.285922567049662
DEVICE_f12_iter15:1.3639777898788452
DEVICE_b12_iter15:2.2501895825068154
DEVICE_f11_iter15:1.3823459545771282
DEVICE_b11_iter15:2.267509698867798
DEVICE_f10_iter15:1.3612260421117146
DEVICE_b10_iter15:2.248456080754598
DEVICE_f9_iter15:1.362383365631103
5DEVICE_b9_iter15:2.24149227142334
DEVICE_f8_iter15:1.3540486494700115
DEVICE_b8_iter15:2.263928453127543
5DEVICE_f7_iter15:1.3439605633417766
DEVICE_b7_iter15:2.221862475077311
DEVICE_f6_iter15:1.353253920873006
DEVICE_b6_iter15:2.25137174129486
1DEVICE_f5_iter15:1.355518897374471
DEVICE_b5_iter15:2.253025770187378
DEVICE_f4_iter15:1.3438959916432698
DEVICE_b4_iter15:2.241134643554687
5DEVICE_f3_iter15:1.3614495595296223
DEVICE_b3_iter15:2.275665601094564
DEVICE_f2_iter15:1.351599891980489
DEVICE_b2_iter15:2.2395849227905273
DEVICE_f1_iter15:1.346359650293986
DEVICE_b1_iter15:2.2431214650472007
DEVICE_f0_iter15:1.5766322612762451
DEVICE_b0_iter15:3.132586677869161
pipeline_time_0iter15:709.5150947570801
