DEVICE_f15_iter15:13.074606657028198
DEVICE_b15_iter15:11.546522378921509
DEVICE_f14_iter15:2.3113787174224854
DEVICE_b14_iter15:3.9535611867904663
DEVICE_f13_iter15:2.3330897092819214
DEVICE_b13_iter15:3.9912015199661255
DEVICE_f12_iter15:2.305254340171814
DEVICE_b12_iter15:3.950759768486023
DEVICE_f11_iter15:2.3109465837478638
DEVICE_b11_iter15:3.963276743888855
DEVICE_f10_iter15:2.3103803396224976
DEVICE_b10_iter15:3.973260521888733
DEVICE_f9_iter15:2.310454845428467
DEVICE_b9_iter15:3.9473026990890503
DEVICE_f8_iter15:2.3038387298583984
DEVICE_b8_iter15:3.9848387241363525
DEVICE_f7_iter15:2.302616834640503
DEVICE_b7_iter15:4.019811749458313
DEVICE_f6_iter15:2.3059695959091187
DEVICE_b6_iter15:3.9043128490448
DEVICE_f5_iter15:2.3050457239151
DEVICE_b5_iter15:3.9556026458740234
DEVICE_f4_iter15:2.301156520843506
DEVICE_b4_iter15:3.9776265621185303
DEVICE_f3_iter15:2.2899210453033447
DEVICE_b3_iter15:3.989517688751220
7DEVICE_f2_iter15:2.3147612810134888
DEVICE_b2_iter15:3.957778215408325
DEVICE_f1_iter15:2.3146122694015503
DEVICE_b1_iter15:3.978028893470764
DEVICE_f0_iter15:2.6380568742752075
DEVICE_b0_iter15:4.9568116664886475
pipeline_time_0iter15:508.66103172302246
