DEVICE_f31_iter20:6.926089525222778
DEVICE_b31_iter20:6.443765014410019
DEVICE_f30_iter20:1.3572201132774353
DEVICE_b30_iter20:2.273552119731903
DEVICE_f29_iter20:1.3835839927196503
DEVICE_b29_iter20:2.289664000272751
DEVICE_f28_iter20:1.3814270496368408
DEVICE_b28_iter20:2.2895224392414093
DEVICE_f27_iter20:1.3589560985565186
DEVICE_b27_iter20:2.239719033241272
DEVICE_f26_iter20:1.382581889629364
DEVICE_b26_iter20:2.2995322942733765
DEVICE_f25_iter20:1.3699941337108612
DEVICE_b25_iter20:2.2640936076641083
DEVICE_f24_iter20:1.362290233373642
DEVICE_b24_iter20:2.2532381117343903
DEVICE_f23_iter20:1.3597197830677032
DEVICE_b23_iter20:2.247106283903122
DEVICE_f22_iter20:1.3857372105121613
DEVICE_b22_iter20:2.292063087224960
3DEVICE_f21_iter20:1.355297863483429
DEVICE_b21_iter20:2.254042774438858
DEVICE_f20_iter20:1.3578012585639954
DEVICE_b20_iter20:2.2398941218852997
DEVICE_f19_iter20:1.371193677186966
DEVICE_b19_iter20:2.245556563138962
DEVICE_f18_iter20:1.3448894023895264
DEVICE_b18_iter20:2.237088978290558
DEVICE_f17_iter20:1.3615861535072327
DEVICE_b17_iter20:2.2603757679462433
DEVICE_f16_iter20:1.375306397676468
DEVICE_b16_iter20:2.2757314145565033
DEVICE_f15_iter20:1.3568736612796783
DEVICE_b15_iter20:2.2602491080760956
DEVICE_f14_iter20:1.3918206095695496
DEVICE_b14_iter20:2.243146300315857
DEVICE_f13_iter20:1.3596341013908386
DEVICE_b13_iter20:2.2575929760932922
DEVICE_f12_iter20:1.3667754828929901
DEVICE_b12_iter20:2.2554025053977966
DEVICE_f11_iter20:1.377888023853302
DEVICE_b11_iter20:2.2604800760746
DEVICE_f10_iter20:1.4240927994251251
DEVICE_b10_iter20:2.281971275806427
DEVICE_f9_iter20:1.3391003012657166
DEVICE_b9_iter20:2.2081397473812103
DEVICE_f8_iter20:1.3556480407714844
DEVICE_b8_iter20:2.267509698867798
DEVICE_f7_iter20:1.3428516685962677
DEVICE_b7_iter20:2.2321082651615143
DEVICE_f6_iter20:1.476198434829712
DEVICE_b6_iter20:2.295438200235367
DEVICE_f5_iter20:1.3818927109241486
DEVICE_b5_iter20:2.29707732796669
DEVICE_f4_iter20:1.3902336359024048
DEVICE_b4_iter20:2.2736191749572754
DEVICE_f3_iter20:1.3600662350654602
DEVICE_b3_iter20:2.2541694343090057
DEVICE_f2_iter20:1.3704784214496613
DEVICE_b2_iter20:2.304255962371826
DEVICE_f1_iter20:1.3526864349842072
DEVICE_b1_iter20:2.2476278245449066
DEVICE_f0_iter20:1.6192719340324402
DEVICE_b0_iter20:3.186345100402832
pipeline_time_0iter20:1006.8163871765137
