CE_f15_iter15:6.881296634674072
DEVICE_b15_iter15:6.335049867630005
DEVICE_f14_iter15:1.3768672943115234
DEVICE_b14_iter15:2.299755811691284
DEVICE_f13_iter15:1.3596713542938232
DEVICE_b13_iter15:2.259582281112671
DEVICE_f12_iter15:1.3591200113296509
DEVICE_b12_iter15:2.2286176681518555
DEVICE_f11_iter15:1.3552159070968628
DEVICE_b11_iter15:2.2569894790649414
DEVICE_f10_iter15:1.3641119003295898
DEVICE_b10_iter15:2.25907564163208
DEVICE_f9_iter15:1.3570636510849
DEVICE_b9_iter15:2.2495537996292114
DEVICE_f8_iter15:1.3677477836608887
DEVICE_b8_iter15:2.274036407470703
DEVICE_f7_iter15:1.3730227947235107
DEVICE_b7_iter15:2.3202449083328247
DEVICE_f6_iter15:1.3595223426818848
DEVICE_b6_iter15:2.219945192337036
DEVICE_f5_iter15:1.356467604637146
DEVICE_b5_iter15:2.237960696220398
DEVICE_f4_iter15:1.4096945524215698
DEVICE_b4_iter15:2.277359366416931
DEVICE_f3_iter15:1.3546794652938843
DEVICE_b3_iter15:2.2977888584136963
DEVICE_f2_iter15:1.3556033372879028
DEVICE_b2_iter15:2.286165952682495
DEVICE_f1_iter15:1.336604356765747
DEVICE_b1_iter15:2.2132843732833862
DEVICE_f0_iter15:1.5645474195480347
DEVICE_b0_iter15:3.1472891569137573
pipeline_time_0iter15:283.10394287109375
