DEVICE_f7_iter27:12.906968593597412
DEVICE_b7_iter27:11.59445196390152
DEVICE_f6_iter27:2.3362897336483
DEVICE_b6_iter27:4.000723361968994
DEVICE_f5_iter27:2.318568527698517
DEVICE_b5_iter27:4.202105104923248
DEVICE_f4_iter27:2.2992603480815887
DEVICE_b4_iter27:3.9407052099704742
DEVICE_f3_iter27:2.3170821368694305
DEVICE_b3_iter27:3.981873393058777
DEVICE_f2_iter27:2.346891909837723
DEVICE_b2_iter27:3.9495229721069336
DEVICE_f1_iter27:2.295311540365219
DEVICE_b1_iter27:3.937985748052597
DEVICE_f0_iter27:2.665996551513672
DEVICE_b0_iter27:4.975710064172745
pipeline_time_0iter27:1624.2084503173828
