DEVICE_f7_iter17:12.853860855102539
DEVICE_b7_iter17:11.48320734500885
DEVICE_f6_iter17:2.30485200881958
DEVICE_b6_iter17:3.9366185665130615
DEVICE_f5_iter17:2.3003965616226196
DEVICE_b5_iter17:3.9278268814086914
DEVICE_f4_iter17:2.2857189178466797
DEVICE_b4_iter17:3.897950053215027
DEVICE_f3_iter17:2.442091703414917
DEVICE_b3_iter17:4.014372825622559
DEVICE_f2_iter17:2.34435498714447
DEVICE_b2_iter17:4.010945558547974
DEVICE_f1_iter17:2.3243576288223267
DEVICE_b1_iter17:3.991454839706421
DEVICE_f0_iter17:2.641633152961731
DEVICE_b0_iter17:4.958361387252808
pipeline_time_0iter17:445.99294662475586
