DEVICE_f7_iter29:12.87119835615158
DEVICE_b7_iter29:11.504441499710083
DEVICE_f6_iter29:2.3237913846969604
DEVICE_b6_iter29:3.9373934268951416
DEVICE_f5_iter29:2.2870078682899475
DEVICE_b5_iter29:3.9218738675117493
DEVICE_f4_iter29:2.3234933614730835
DEVICE_b4_iter29:3.971494734287262
DEVICE_f3_iter29:2.294503152370453
DEVICE_b3_iter29:3.9427578449249268
DEVICE_f2_iter29:2.3028627038002014
DEVICE_b2_iter29:3.935202956199646
DEVICE_f1_iter29:2.3199766874313354
DEVICE_b1_iter29:3.9794817566871643
DEVICE_f0_iter29:2.713143825531006
DEVICE_b0_iter29:5.029849708080292
pipeline_time_0iter29:836.3912105560303
