DEVICE_f31_iter15:6.88442587852478
DEVICE_b31_iter15:6.341800093650818DEVICE_f30_iter15:1.3595446944236755DEVICE_b30_iter15:2.2761449217796326DEVICE_f29_iter15:1.3571679592132568
DEVICE_b29_iter15:2.2519752383232117DEVICE_f28_iter15:1.3608112931251526
DEVICE_b28_iter15:2.249591052532196DEVICE_f27_iter15:1.3709962368011475
DEVICE_b27_iter15:2.24439799785614DEVICE_f26_iter15:1.3605207204818726
DEVICE_b26_iter15:2.2626519203186035DEVICE_f25_iter15:1.3437047600746155
DEVICE_b25_iter15:2.216830849647522DEVICE_f24_iter15:1.3656914234161377
DEVICE_b24_iter15:2.259179949760437
DEVICE_f23_iter15:1.355096697807312
DEVICE_b23_iter15:2.255171537399292
DEVICE_f22_iter15:1.3693124055862427
DEVICE_b22_iter15:2.2393018007278442
DEVICE_f21_iter15:1.3511180877685547
DEVICE_b21_iter15:2.2213608026504517
DEVICE_f20_iter15:1.352258026599884
DEVICE_b20_iter15:2.2371187806129456
DEVICE_f19_iter15:1.3500973582267761
DEVICE_b19_iter15:2.209395170211792
DEVICE_f18_iter15:1.3628974556922913
DEVICE_b18_iter15:2.273060381412506
DEVICE_f17_iter15:1.3534948229789734
DEVICE_b17_iter15:2.2545531392097473
DEVICE_f16_iter15:1.3804957270622253
DEVICE_b16_iter15:2.268493175506592
DEVICE_f15_iter15:1.3464316725730896
DEVICE_b15_iter15:2.2560283541679382
DEVICE_f14_iter15:1.4004409313201904
DEVICE_b14_iter15:2.2396594285964966
DEVICE_f13_iter15:1.3457462191581726
DEVICE_b13_iter15:2.222813665866852
DEVICE_f12_iter15:1.3545826077461243
DEVICE_b12_iter15:2.2452324628829956
DEVICE_f11_iter15:1.3585463166236877
DEVICE_b11_iter15:2.25270539522171
DEVICE_f10_iter15:1.3544261455535889
DEVICE_b10_iter15:2.254381775856018
DEVICE_f9_iter15:1.34345144033432
DEVICE_b9_iter15:2.226993441581726
DEVICE_f8_iter15:1.3492554426193237
DEVICE_b8_iter15:2.249486744403839
DEVICE_f7_iter15:1.360379159450531
DEVICE_b7_iter15:2.245001494884491
DEVICE_f6_iter15:1.3780966401100159
DEVICE_b6_iter15:2.387024462223053
DEVICE_f5_iter15:1.3520792126655579
DEVICE_b5_iter15:2.2347718477249146
DEVICE_f4_iter15:1.3659298419952393
DEVICE_b4_iter15:2.419896423816681
DEVICE_f3_iter15:1.353636384010315
DEVICE_b3_iter15:2.2642984986305237
DEVICE_f2_iter15:1.3633519411087036
DEVICE_b2_iter15:2.259455621242523
DEVICE_f1_iter15:1.3616755604743958
DEVICE_b1_iter15:2.2630244493484497
DEVICE_f0_iter15:1.5657171607017517
DEVICE_b0_iter15:3.1268298625946045
pipeline_time_0iter15:594.1078662872314
