DEVICE_f31_iter20:6.898470222949982
DEVICE_b31_iter20:6.302567198872566
DEVICE_f30_iter20:1.3629104942083359
DEVICE_b30_iter20:2.2626984864473343
DEVICE_f29_iter20:1.3799704611301422
DEVICE_b29_iter20:2.279914915561676
DEVICE_f28_iter20:1.403849571943283
DEVICE_b28_iter20:2.253817394375801
DEVICE_f27_iter20:1.3422127813100815
DEVICE_b27_iter20:2.2078361362218857
DEVICE_f26_iter20:1.3814903795719147
DEVICE_b26_iter20:2.283744513988495
DEVICE_f25_iter20:1.3827048242092133
DEVICE_b25_iter20:2.261092886328697
DEVICE_f24_iter20:1.3564880937337875
DEVICE_b24_iter20:2.2406913340091705
DEVICE_f23_iter20:1.3560876250267029
DEVICE_b23_iter20:2.253834158182144
DEVICE_f22_iter20:1.3725645840168
DEVICE_b22_iter20:2.2663436830043793
DEVICE_f21_iter20:1.3637356460094452
DEVICE_b21_iter20:2.244623377919197
DEVICE_f20_iter20:1.3761036098003387
DEVICE_b20_iter20:2.269051969051361
DEVICE_f19_iter20:1.3729259371757507
DEVICE_b19_iter20:2.239879220724106
DEVICE_f18_iter20:1.3603512197732925
DEVICE_b18_iter20:2.2606737911701202
DEVICE_f17_iter20:1.378573477268219
DEVICE_b17_iter20:2.26694718003273
DEVICE_f16_iter20:1.3510733842849731
DEVICE_b16_iter20:2.232104539871216
DEVICE_f15_iter20:1.3578087091445923
DEVICE_b15_iter20:2.261292189359665
DEVICE_f14_iter20:1.3908520340919495
DEVICE_b14_iter20:2.305537462234497
DEVICE_f13_iter20:1.365339383482933
DEVICE_b13_iter20:2.2538434714078903
DEVICE_f12_iter20:1.362888142466545
DEVICE_b12_iter20:2.2382140159606934
DEVICE_f11_iter20:1.3747047632932663
DEVICE_b11_iter20:2.2391974925994873
DEVICE_f10_iter20:1.433543860912323
DEVICE_b10_iter20:2.307835966348648
DEVICE_f9_iter20:1.3716593384742737
DEVICE_b9_iter20:2.2818706929683685
DEVICE_f8_iter20:1.3442356139421463
DEVICE_b8_iter20:2.220936119556427
DEVICE_f7_iter20:1.3302210718393326
DEVICE_b7_iter20:2.2034794092178345
DEVICE_f6_iter20:1.3548433780670166
DEVICE_b6_iter20:2.2483840584754944
DEVICE_f5_iter20:1.352338120341301
DEVICE_b5_iter20:2.2420603781938553
DEVICE_f4_iter20:1.3592131435871124
DEVICE_b4_iter20:2.246228978037834
DEVICE_f3_iter20:1.3800766319036484
DEVICE_b3_iter20:2.274986356496811
DEVICE_f2_iter20:1.3710632920265198
DEVICE_b2_iter20:2.3012496531009674
DEVICE_f1_iter20:1.3704728335142136
DEVICE_b1_iter20:2.2793877869844437
DEVICE_f0_iter20:1.5895012766122818
DEVICE_b0_iter20:3.1465571373701096
pipeline_time_0iter20:1858.241081237793
