DEVICE_f15_iter15:12.92804628610611
DEVICE_b15_iter15:11.5348026156425
48DEVICE_f14_iter15:2.359144389629364
DEVICE_b14_iter15:4.0100365877151
49DEVICE_f13_iter15:2.317562699317932
DEVICE_b13_iter15:3.9781853556632996
DEVICE_f12_iter15:2.320036292076111
DEVICE_b12_iter15:3.9769336581230164
DEVICE_f11_iter15:2.3190751671791077
DEVICE_b11_iter15:3.962405025959015
DEVICE_f10_iter15:2.3301392793655396
DEVICE_b10_iter15:4.008874297142029
DEVICE_f9_iter15:2.318643033504486
DEVICE_b9_iter15:3.9583593606948853
DEVICE_f8_iter15:2.317681908607483
DEVICE_b8_iter15:3.974631428718567
DEVICE_f7_iter15:2.3192986845970154
DEVICE_b7_iter15:3.9824694395065308
DEVICE_f6_iter15:2.321481704711914
DEVICE_b6_iter15:3.942914307117462
DEVICE_f5_iter15:2.2960305213928223
DEVICE_b5_iter15:3.945484757423401
DEVICE_f4_iter15:2.2865161299705505
DEVICE_b4_iter15:3.9124712347984314
DEVICE_f3_iter15:2.3080334067344666
DEVICE_b3_iter15:3.9568915963172913
DEVICE_f2_iter15:2.3107528686523438
DEVICE_b2_iter15:3.992930054664612
DEVICE_f1_iter15:2.296045422554016
DEVICE_b1_iter15:3.9484500885009766
DEVICE_f0_iter15:2.6433467864990234
DEVICE_b0_iter15:4.974640905857086
pipeline_time_0iter15:901.9453525543213
