DEVICE_f15_iter15:6.897728890180588
DEVICE_b15_iter15:6.385244429111481
DEVICE_f14_iter15:1.3494528830051422
DEVICE_b14_iter15:2.220921218395233
DEVICE_f13_iter15:1.3673976063728333
DEVICE_b13_iter15:2.2562406957149506
DEVICE_f12_iter15:1.3688169419765472
DEVICE_b12_iter15:2.2517554461956024
DEVICE_f11_iter15:1.357831060886383
DEVICE_b11_iter15:2.252914011478424
DEVICE_f10_iter15:1.364629715681076
DEVICE_b10_iter15:2.246242016553879
DEVICE_f9_iter15:1.360192894935608
DEVICE_b9_iter15:2.2477321326732635
DEVICE_f8_iter15:1.3543367385864258
DEVICE_b8_iter15:2.2563189268112183
DEVICE_f7_iter15:1.3533048331737518
DEVICE_b7_iter15:2.269614487886429
DEVICE_f6_iter15:1.395806670188903
8DEVICE_b6_iter15:2.300180494785309
DEVICE_f5_iter15:1.3683140277862549
DEVICE_b5_iter15:2.32594832777977
DEVICE_f4_iter15:1.346230506896972
7DEVICE_b4_iter15:2.2324807941913605
DEVICE_f3_iter15:1.3757236301898956
DEVICE_b3_iter15:2.275116741657257
DEVICE_f2_iter15:1.35996192693710
33DEVICE_b2_iter15:2.2606253623962402
DEVICE_f1_iter15:1.363210380077362
DEVICE_b1_iter15:2.260584384202957
DEVICE_f0_iter15:1.596130430698394
8DEVICE_b0_iter15:3.1906776130199432
pipeline_time_0iter15:930.01389503479
