DEVICE_f7_iter54:12.92387768626213
DEVICE_b7_iter54:11.550484225153923
DEVICE_f6_iter54:2.3028776049613953
DEVICE_b6_iter54:3.9382204413414
DEVICE_f5_iter54:2.330036833882332
DEVICE_b5_iter54:3.994092345237732
DEVICE_f4_iter54:2.3411139845848083
DEVICE_b4_iter54:3.977002575993538
DEVICE_f3_iter54:2.5362223386764526
DEVICE_b3_iter54:4.0350183844566345
DEVICE_f2_iter54:2.2917650640010834
DEVICE_b2_iter54:3.9122533053159714
DEVICE_f1_iter54:2.2924114018678665
DEVICE_b1_iter54:3.940381109714508
DEVICE_f0_iter54:2.669844776391983
DEVICE_b0_iter54:5.020201206207275
pipeline_time_0iter54:3192.925453186035
