DEVICE_f31_iter15:18.441759049892426
DEVICE_b31_iter15:18.587328493595123
DEVICE_f30_iter15:2.9017403721809387
DEVICE_b30_iter15:7.5872838497161865
DEVICE_f29_iter15:2.887725830078125
DEVICE_b29_iter15:7.554374635219574
DEVICE_f28_iter15:2.8990134596824646
DEVICE_b28_iter15:7.569849491119385
DEVICE_f27_iter15:2.9122233390808105
DEVICE_b27_iter15:7.664203643798828
DEVICE_f26_iter15:2.920389175415039
DEVICE_b26_iter15:7.573127746582031
DEVICE_f25_iter15:2.917371690273285
DEVICE_b25_iter15:7.657788693904877
DEVICE_f24_iter15:2.893880009651184
DEVICE_b24_iter15:7.579177618026733
DEVICE_f31_iter15:18.441759049892426
DEVICE_b31_iter15:18.587328493595123
DEVICE_f30_iter15:2.9017403721809387
DEVICE_b30_iter15:7.5872838497161865
DEVICE_f29_iter15:2.887725830078125
DEVICE_b29_iter15:7.554374635219574
DEVICE_f28_iter15:2.89901345968246
46DEVICE_b28_iter15:7.569849491119385
DEVICE_f27_iter15:2.9122233390808105
DEVICE_b27_iter15:7.664203643798828
DEVICE_f26_iter15:2.920389175415039
DEVICE_b26_iter15:7.573127746582031
DEVICE_f25_iter15:2.91737169027328
5DEVICE_b25_iter15:7.657788693904877
DEVICE_f24_iter15:2.893880009651184
DEVICE_b24_iter15:7.579177618026733
DEVICE_f15_iter15:2.882756292819977
DEVICE_b15_iter15:7.548607885837555
DEVICE_f14_iter15:2.946428954601288
DEVICE_b14_iter15:7.5494274497032166
DEVICE_f13_iter15:2.892732620239258
DEVICE_b13_iter15:7.699936628341675
DEVICE_f12_iter15:2.8806403279304504
DEVICE_b12_iter15:7.576227188110352
DEVICE_f11_iter15:2.885662019252777
DEVICE_b11_iter15:7.624313235282898
DEVICE_f10_iter15:2.88575142621994
DEVICE_b10_iter15:7.5619518756866455
DEVICE_f9_iter15:2.8482675552368164
DEVICE_b9_iter15:7.4725523591041565
DEVICE_f8_iter15:2.915136516094207
8DEVICE_b8_iter15:7.605433464050293
DEVICE_f7_iter15:2.863451838493347
DEVICE_b7_iter15:7.562495768070221
DEVICE_f6_iter15:2.891212701797485
4DEVICE_b6_iter15:7.565870881080627
DEVICE_f5_iter15:2.86266952753067
DEVICE_b5_iter15:7.546037435531616
DEVICE_f4_iter15:2.8669312596321106
DEVICE_b4_iter15:7.520712912082672
DEVICE_f3_iter15:2.851292490959167
5DEVICE_b3_iter15:7.605411112308502
DEVICE_f2_iter15:2.918347716331482
DEVICE_b2_iter15:7.5688958168029785
DEVICE_f1_iter15:2.844430506229400
6DEVICE_b1_iter15:7.530443370342255
DEVICE_f0_iter15:3.076978027820587
DEVICE_b0_iter15:8.429154753684998
pipeline_time_0iter15:1561.8970394134521
