DEVICE_f7_iter20:36.21514141559601
DEVICE_b7_iter20:35.7801616191864
DEVICE_f6_iter20:5.492597818374634
DEVICE_b6_iter20:14.351725578308105
DEVICE_f5_iter20:5.48824667930603
DEVICE_b5_iter20:14.386042952537537
DEVICE_f4_iter20:5.4649412631988525
DEVICE_b4_iter20:14.295846223831177
DEVICE_f3_iter20:5.468592047691345
DEVICE_b3_iter20:14.306604862213135
DEVICE_f2_iter20:5.529165267944336
DEVICE_b2_iter20:14.44217562675476
DEVICE_f1_iter20:5.451709032058716
DEVICE_b1_iter20:14.324262738227844
DEVICE_f0_iter20:5.994290113449097
DEVICE_b0_iter20:15.480607748031616
pipeline_time_0iter20:1306.1230182647705
