DEVICE_f15_iter15:18.430645267168682
DEVICE_b15_iter15:18.571019172668457
DEVICE_f14_iter15:2.8937111298243203
DEVICE_b14_iter15:7.604991396268208
5DEVICE_f13_iter15:2.906978130340576
DEVICE_b13_iter15:7.598688205083211
DEVICE_f12_iter15:2.912953495979309
DEVICE_b12_iter15:7.5661589701970415
DEVICE_f11_iter15:2.904638648033142
DEVICE_b11_iter15:7.59813686211903
9DEVICE_f10_iter15:2.868508299191793
DEVICE_b10_iter15:7.494673132896423
DEVICE_f9_iter15:2.920051415761312
DEVICE_b9_iter15:7.61925677458445
3DEVICE_f8_iter15:2.886007229487101
DEVICE_b8_iter15:7.56963590780894
iDEVICE_f7_iter15:2.8834939002990723
DEVICE_b7_iter15:7.542108496030171
DEVICE_f6_iter15:2.9074003299077353
DEVICE_b6_iter15:7.6721956332524615
DEVICE_f5_iter15:2.8989662726720176
DEVICE_b5_iter15:7.597113649050395
DEVICE_f4_iter15:2.8792272011439004
DEVICE_b4_iter15:7.5430770715077715
DEVICE_f3_iter15:2.9021352529525757
DEVICE_b3_iter15:7.640257477760315
DEVICE_f2_iter15:2.878079811731974
DEVICE_b2_iter15:7.526884476343791
DEVICE_f1_iter15:2.877970536549886
DEVICE_b1_iter15:7.575561602910359
DEVICE_f0_iter15:3.1066139539082847
DEVICE_b0_iter15:8.515839775403341
pipeline_time_0iter15:1969.7301387786865
