DEVICE_f15_iter15:36.457814276218414
DEVICE_b15_iter15:36.00314259529114
DEVICE_f14_iter15:5.538903176784515
DEVICE_b14_iter15:14.456391334533691
DEVICE_f13_iter15:5.514621734619141
DEVICE_b13_iter15:14.418646693229675
DEVICE_f12_iter15:5.4897740483284
DEVICE_b12_iter15:14.39010351896286
DEVICE_f11_iter15:5.486525595188141
DEVICE_b11_iter15:14.37833160161972
DEVICE_f10_iter15:5.490265786647797
DEVICE_b10_iter15:14.40151035785675
DEVICE_f9_iter15:5.477920174598694
DEVICE_b9_iter15:14.348730444908142
DEVICE_f8_iter15:5.4301917552948
DEVICE_b8_iter15:14.23768699169159
DEVICE_f7_iter15:5.440846085548401
DEVICE_b7_iter15:14.2812579870224
DEVICE_f6_iter15:5.483731627464294
DEVICE_b6_iter15:14.403492212295532
DEVICE_f5_iter15:5.475744605064392
DEVICE_b5_iter15:14.379911124706268
DEVICE_f4_iter15:5.492612719535828
DEVICE_b4_iter15:14.368593692779541
DEVICE_f3_iter15:5.431368947029114
DEVICE_b3_iter15:14.326468110084534
DEVICE_f2_iter15:5.460210144519806
DEVICE_b2_iter15:14.317266643047333
DEVICE_f1_iter15:5.438968539237976
DEVICE_b1_iter15:14.323264360427856
DEVICE_f0_iter15:5.975089967250824
DEVICE_b0_iter15:15.490762889385223
pipeline_time_0iter15:2654.0780067443848
