DEVICE_f15_iter15:18.421825021505356
DEVICE_b15_iter15:18.56764778494835
DEVICE_f14_iter15:2.8846673667430878
DEVICE_b14_iter15:7.563158869743347
DEVICE_f13_iter15:2.8990060091018677
DEVICE_b13_iter15:7.586278021335602
DEVICE_f12_iter15:2.9022283852100372
DEVICE_b12_iter15:7.55787268280983
DEVICE_f11_iter15:2.901192754507065
DEVICE_b11_iter15:7.569156587123871
DEVICE_f10_iter15:2.934519201517105
DEVICE_b10_iter15:7.627151906490326
DEVICE_f9_iter15:2.882145345211029
DEVICE_b9_iter15:7.552336901426315
DEVICE_f8_iter15:2.859000116586685
DEVICE_b8_iter15:7.4857547879219055
DEVICE_f7_iter15:2.8385594487190247
DEVICE_b7_iter15:7.45072215795517
DEVICE_f6_iter15:2.91568785905838
DEVICE_b6_iter15:7.683936506509781
DEVICE_f5_iter15:2.9041096568107605
DEVICE_b5_iter15:7.604047656059265
DEVICE_f4_iter15:2.846665680408478
DEVICE_b4_iter15:7.48201459646225
DEVICE_f3_iter15:2.9004067182540894
DEVICE_b3_iter15:7.620044052600861
DEVICE_f2_iter15:2.954915165901184
DEVICE_b2_iter15:7.590923458337784
DEVICE_f1_iter15:2.8302595019340515
DEVICE_b1_iter15:7.453516125679016
DEVICE_f0_iter15:3.105670213699341
DEVICE_b0_iter15:8.547343313694
pipeline_time_0iter15:2570.303440093994
