iDEVICE_f15_iter15:18.508918583393097
DEVICE_b15_iter15:18.656447529792786
DEVICE_f14_iter15:2.893395721912384
DEVICE_b14_iter15:7.579430937767029
DEVICE_f13_iter15:2.856627106666565
DEVICE_b13_iter15:7.509216666221619
DEVICE_f12_iter15:2.9342621564865112
DEVICE_b12_iter15:7.715068757534027
DEVICE_f11_iter15:2.927258610725403
DEVICE_b11_iter15:7.609330117702484
DEVICE_f10_iter15:2.889104187488556
DEVICE_b10_iter15:7.535926997661591
DEVICE_f9_iter15:2.8949081897735596
DEVICE_b9_iter15:7.54905492067337
DEVICE_f8_iter15:2.886638045310974
DEVICE_b8_iter15:7.557831704616547
DEVICE_f7_iter15:2.8801560401916504
DEVICE_b7_iter15:7.542058825492859
DEVICE_f6_iter15:2.860710024833679
DEVICE_b6_iter15:7.483363151550293
DEVICE_f5_iter15:2.892524003982544
DEVICE_b5_iter15:7.584333419799805
DEVICE_f4_iter15:2.8492212295532227
DEVICE_b4_iter15:7.504589855670929
DEVICE_f3_iter15:2.8358399868011475
DEVICE_b3_iter15:7.510259747505188
DEVICE_f2_iter15:2.867884933948517
DEVICE_b2_iter15:7.5332000851631165
DEVICE_f1_iter15:2.8360337018966675
DEVICE_b1_iter15:7.454894483089447
DEVICE_f0_iter15:3.0992329120635986
DEVICE_b0_iter15:8.526355028152466
pipeline_time_0iter15:1371.239423751831
