DEVICE_f7_iter15:36.293257027864456
DEVICE_b7_iter15:35.85939481854439
DEVICE_f6_iter15:5.532559007406235
DEVICE_b6_iter15:14.499887824058533
DEVICE_f5_iter15:5.4922644048929214
DEVICE_b5_iter15:14.398632571101189
DEVICE_f4_iter15:5.500022321939468
DEVICE_b4_iter15:14.46411944925785
DEVICE_f3_iter15:5.4649654775857925
DEVICE_b3_iter15:14.360694214701653
DEVICE_f2_iter15:5.491286516189575
DEVICE_b2_iter15:14.395065605640411
DEVICE_f1_iter15:5.455933511257172
DEVICE_b1_iter15:14.29722085595131
DEVICE_f0_iter15:6.011553108692169
DEVICE_b0_iter15:15.567649155855179
pipeline_time_0iter15:9414.494752883911
