DEVICE_f15_iter15:18.464744091033936
DEVICE_b15_iter15:18.642783164978027
DEVICE_f14_iter15:2.891644835472107
DEVICE_b14_iter15:7.543683052062988
DEVICE_f13_iter15:2.8626322746276855
DEVICE_b13_iter15:7.529914379119873
DEVICE_f12_iter15:2.925857901573181
DEVICE_b12_iter15:7.605075836181641
DEVICE_f11_iter15:2.8839856386184692
DEVICE_b11_iter15:7.588028907775879
DEVICE_f10_iter15:2.945512533187866
DEVICE_b10_iter15:7.595285773277283
DEVICE_f9_iter15:2.8885751962661743
DEVICE_b9_iter15:7.51909613609314
DEVICE_f8_iter15:2.8914958238601685
DEVICE_b8_iter15:7.551789283752441
DEVICE_f7_iter15:2.895921468734741
DEVICE_b7_iter15:7.550820708274841
DEVICE_f6_iter15:2.876400947570801
DEVICE_b6_iter15:7.5202882289886475
DEVICE_f5_iter15:2.9327571392059326
DEVICE_b5_iter15:7.583022117614746
DEVICE_f4_iter15:2.8582364320755005
DEVICE_b4_iter15:7.553279399871826
DEVICE_f3_iter15:2.853661775588989
3DEVICE_b3_iter15:7.5390636920928955
DEVICE_f2_iter15:2.848982810974121
DEVICE_b2_iter15:7.513612508773804
DEVICE_f1_iter15:2.8469860553741455
DEVICE_b1_iter15:7.512673735618591
DEVICE_f0_iter15:3.100842237472534
DEVICE_b0_iter15:8.544787764549255
pipeline_time_0iter15:773.7653255462646
