DEVICE_f7_iter20:36.227673292160034
DEVICE_b7_iter20:35.71408987045288
DEVICE_f6_iter20:5.489319562911987
DEVICE_b6_iter20:14.339059591293335
DEVICE_f5_iter20:5.484133958816528
DEVICE_b5_iter20:14.429152011871338
DEVICE_f4_iter20:5.478620529174805
DEVICE_b4_iter20:14.336943626403809
DEVICE_f3_iter20:5.480140447616577
DEVICE_b3_iter20:14.430135488510132
DEVICE_f2_iter20:5.495697259902954
DEVICE_b2_iter20:14.329224824905396
DEVICE_f1_iter20:5.44285774230957
DEVICE_b1_iter20:14.327466487884521
DEVICE_f0_iter20:5.981773138046265
DEVICE_b0_iter20:15.489727258682251
pipeline_time_0iter20:725.629329681396
