DEVICE_f7_iter20:36.33493185043335
DEVICE_b7_iter20:35.890914499759674
DEVICE_f6_iter20:5.501769483089447
DEVICE_b6_iter20:14.361046254634857
DEVICE_f5_iter20:5.503885447978973
DEVICE_b5_iter20:14.44961130619049
DEVICE_f4_iter20:5.457714200019836
DEVICE_b4_iter20:14.29390162229538
DEVICE_f3_iter20:5.490414798259735
DEVICE_b3_iter20:14.407925307750702
DEVICE_f2_iter20:5.508974194526672
DEVICE_b2_iter20:14.364823698997498
DEVICE_f1_iter20:5.554914474487305
DEVICE_b1_iter20:14.358289539813995
DEVICE_f0_iter20:5.989260971546173
DEVICE_b0_iter20:15.58636873960495
pipeline_time_0iter20:2467.9296016693115
