DEVICE_f15_iter15:36.48947551846504
DEVICE_b15_iter15:35.9719879925251
DEVICE_f14_iter15:5.501572042703628
5DEVICE_b14_iter15:14.411717653274536
DEVICE_f13_iter15:5.492072552442551
DEVICE_b13_iter15:14.395412057638168
DEVICE_f12_iter15:5.4909102618694305
DEVICE_b12_iter15:14.41047340631485
DEVICE_f11_iter15:5.5237747728824615
DEVICE_b11_iter15:14.467936009168625
DEVICE_f10_iter15:5.491010844707489
DEVICE_b10_iter15:14.362115412950516
DEVICE_f9_iter15:5.477458238601685
DEVICE_b9_iter15:14.34575766324997
DEVICE_f8_iter15:5.467571318149567
DEVICE_b8_iter15:14.332950115203857
DEVICE_f7_iter15:5.485132336616516
DEVICE_b7_iter15:14.377158135175705
DEVICE_f6_iter15:5.458395928144455
DEVICE_b6_iter15:14.306556433439255
DEVICE_f5_iter15:5.492251366376877
DEVICE_b5_iter15:14.40681517124176
DEVICE_f4_iter15:5.461022257804871
DEVICE_b4_iter15:14.331180602312088
DEVICE_f3_iter15:5.468335002660751
DEVICE_b3_iter15:14.397773891687393
DEVICE_f2_iter15:5.477629601955414
DEVICE_b2_iter15:14.31943103671074
DEVICE_f1_iter15:5.444265902042389
DEVICE_b1_iter15:14.29760828614235
DEVICE_f0_iter15:5.976550281047821
DEVICE_b0_iter15:15.498995780944824
pipeline_time_0iter15:4992.770195007324
