DEVICE_f15_iter15:36.470189690589905
DEVICE_b15_iter15:35.91850896676382
DEVICE_f14_iter15:5.494743585586548
DEVICE_b14_iter15:14.402637879053751
DEVICE_f13_iter15:5.508556962013245
DEVICE_b13_iter15:14.397700627644857
DEVICE_f12_iter15:5.523095528284709
DEVICE_b12_iter15:14.441554745038351
DEVICE_f11_iter15:5.51322599252065
DEVICE_b11_iter15:14.385109146436056
DEVICE_f10_iter15:5.470042427380879
DEVICE_b10_iter15:14.35789962609609
DEVICE_f9_iter15:5.482350786526998
DEVICE_b9_iter15:14.369418223698935
DEVICE_f8_iter15:5.450278520584106
4DEVICE_b8_iter15:14.320467909177145
DEVICE_f7_iter15:5.449970563252767
DEVICE_b7_iter15:14.254644513130188
DEVICE_f6_iter15:5.484268069267273
DEVICE_b6_iter15:14.413605133692423
DEVICE_f5_iter15:5.487134059270223
DEVICE_b5_iter15:14.377430081367493
DEVICE_f4_iter15:5.439624190330505
DEVICE_b4_iter15:14.272987842559814
DEVICE_f3_iter15:5.460272232691447
DEVICE_b3_iter15:14.383554458618164
DEVICE_f2_iter15:5.488395690917969
DEVICE_b2_iter15:14.374390244483948
DEVICE_f1_iter15:5.450218915939331
DEVICE_b1_iter15:14.305497209231058
DEVICE_f0_iter15:5.993515253067017
DEVICE_b0_iter15:15.550057093302408
pipeline_time_0iter15:3826.296806335449
