DEVICE_f7_iter20:36.339178681373596
DEVICE_b7_iter20:35.913608968257904
DEVICE_f6_iter20:5.472589284181595
DEVICE_b6_iter20:14.309756457805634
DEVICE_f5_iter20:5.474962294101715
DEVICE_b5_iter20:14.336630702018738
DEVICE_f4_iter20:5.540080368518829
DEVICE_b4_iter20:14.547377824783325
DEVICE_f3_iter20:5.534209311008453
DEVICE_b3_iter20:14.433737844228745
DEVICE_f2_iter20:5.501925945281982
DEVICE_b2_iter20:14.376141130924225
DEVICE_f1_iter20:5.469478666782379
DEVICE_b1_iter20:14.325946569442749
DEVICE_f0_iter20:5.989614874124527
DEVICE_b0_iter20:15.59440791606903
pipeline_time_0iter20:4786.682367324829
