DEVICE_f15_iter15:36.489635705947876
DEVICE_b15_iter15:36.263808608055115
DEVICE_f14_iter15:5.5165886878967285
DEVICE_b14_iter15:14.47613537311554
DEVICE_f13_iter15:5.501657724380493
DEVICE_b13_iter15:14.553159475326538
DEVICE_f12_iter15:5.486473441123962
DEVICE_b12_iter15:14.36758041381836
DEVICE_f11_iter15:5.510777235031128
DEVICE_b11_iter15:14.44883644580841
DEVICE_f10_iter15:5.480751395225525
DEVICE_b10_iter15:14.384299516677856
DEVICE_f9_iter15:5.490541458129883
DEVICE_b9_iter15:14.398038387298584
DEVICE_f8_iter15:5.470246076583862
DEVICE_b8_iter15:14.432147145271301
DEVICE_f7_iter15:5.448281764984131
DEVICE_b7_iter15:14.287501573562622
DEVICE_f6_iter15:5.485951900482178
DEVICE_b6_iter15:14.370501041412354
DEVICE_f5_iter15:5.476117134094238
DEVICE_b5_iter15:14.404967427253723
DEVICE_f4_iter15:5.459830164909363
DEVICE_b4_iter15:14.627382159233093
DEVICE_f3_iter15:5.452543497085571
DEVICE_b3_iter15:14.313235878944397
DEVICE_f2_iter15:5.476564168930054
DEVICE_b2_iter15:14.354586601257324
DEVICE_f1_iter15:5.450978875160217
DEVICE_b1_iter15:14.317989349365234
DEVICE_f0_iter15:5.967587232589722
DEVICE_b0_iter15:16.036629676818848
pipeline_time_0iter20:1492.2411441802979
