DEVICE_f31_iter15:18.464049324393272
DEVICE_b31_iter15:18.599040806293488
DEVICE_f30_iter15:2.896836027503013
6DEVICE_b30_iter15:7.586205378174782
DEVICE_f29_iter15:2.8988067060709
DEVICE_b29_iter15:7.576389238238335
DEVICE_f28_iter15:2.9295217245817184
DEVICE_b28_iter15:7.690681144595146
DEVICE_f27_iter15:2.9256101697683334
DEVICE_b27_iter15:7.602667436003685
DEVICE_f26_iter15:2.875186502933502
DEVICE_b26_iter15:7.508067414164543
DEVICE_f25_iter15:2.853570505976677
DEVICE_b25_iter15:7.49284029006958
DEVICE_f24_iter15:2.9334481805562973
DEVICE_b24_iter15:7.618015632033348
DEVICE_f23_iter15:2.898832783102989
DEVICE_b23_iter15:7.530538365244865
DEVICE_f22_iter15:2.9383767396211624
DEVICE_b22_iter15:7.648101076483726
5DEVICE_f21_iter15:2.909783273935318
DEVICE_b21_iter15:7.602298632264137
DEVICE_f20_iter15:2.8980802744627
DEVICE_b20_iter15:7.579199969768524
DEVICE_f19_iter15:2.916235476732254
DEVICE_b19_iter15:7.61646777391433
7DEVICE_f18_iter15:2.893950790166855
DEVICE_b18_iter15:7.558198645710945
DEVICE_f17_iter15:2.8943363577127457
DEVICE_b17_iter15:7.555427029728889
5DEVICE_f16_iter15:2.8850920498371124
DEVICE_b16_iter15:7.568482309579849
DEVICE_f15_iter15:2.9043052345514297
DEVICE_b15_iter15:7.577601820230484
DEVICE_f14_iter15:2.9068011790513992
DEVICE_b14_iter15:7.5623635202646255
DEVICE_f13_iter15:2.888189628720283
5DEVICE_b13_iter15:7.604515179991722
DEVICE_f12_iter15:2.896513789892196
7DEVICE_b12_iter15:7.592134177684784
DEVICE_f11_iter15:2.900836989283561
7DEVICE_b11_iter15:7.612999528646469
DEVICE_f10_iter15:2.894932404160499
6DEVICE_b10_iter15:7.559917867183685
DEVICE_f9_iter15:2.847837284207344
DEVICE_b9_iter15:7.469646632671356
DEVICE_f8_iter15:2.87875905632972
7DEVICE_b8_iter15:7.5700730085372925
DEVICE_f15_iter15:2.9043052345514297
DEVICE_b15_iter15:7.577601820230484
DEVICE_f14_iter15:2.9068011790513992
DEVICE_b14_iter15:7.5623635202646255
DEVICE_f13_iter15:2.8881896287202835
DEVICE_b13_iter15:7.604515179991722
DEVICE_f12_iter15:2.8965137898921967
DEVICE_b12_iter15:7.592134177684784
DEVICE_f11_iter15:2.9008369892835617
DEVICE_b11_iter15:7.612999528646469
DEVICE_f10_iter15:2.8949324041604996
DEVICE_b10_iter15:7.559917867183685
DEVICE_f9_iter15:2.847837284207344
DEVICE_b9_iter15:7.469646632671356
DEVICE_f8_iter15:2.878759056329727
DEVICE_b8_iter15:7.5700730085372925
pipeline_time_0iter15:5153.343915939331
