DEVICE_f31_iter15:18.43029260635376
DEVICE_b31_iter15:18.541499972343445
DEVICE_f30_iter15:2.8631500899791718
DEVICE_b30_iter15:7.495131343603134
DEVICE_f29_iter15:2.9129348695278168
DEVICE_b29_iter15:7.5986310839653015
DEVICE_f28_iter15:2.992536872625351
DEVICE_b28_iter15:7.58768618106842
DEVICE_f27_iter15:2.9176920652389526
DEVICE_b27_iter15:7.554300129413605
DEVICE_f26_iter15:2.902839332818985
DEVICE_b26_iter15:7.580310106277466
DEVICE_f25_iter15:2.8851740062236786
DEVICE_b25_iter15:7.571954280138016
DEVICE_f24_iter15:2.8900615870952606
DEVICE_b24_iter15:7.503174245357513
DEVICE_f23_iter15:2.924293279647827
DEVICE_b23_iter15:7.6186321675777435
DEVICE_f22_iter15:2.917934209108352
7DEVICE_b22_iter15:7.6034702360630035
DEVICE_f21_iter15:2.909846603870392
DEVICE_b21_iter15:7.596172392368317
DEVICE_f20_iter15:2.8912238776683807
DEVICE_b20_iter15:7.576841861009598
DEVICE_f19_iter15:2.8748884797096252
DEVICE_b19_iter15:7.608320564031601
DEVICE_f18_iter15:2.920623868703842
DEVICE_b18_iter15:7.573112845420837
DEVICE_f17_iter15:2.9115229845046997
DEVICE_b17_iter15:7.579457014799118
DEVICE_f16_iter15:2.943713217973709
DEVICE_b16_iter15:7.567238062620163
DEVICE_f15_iter15:2.910897135734558
DEVICE_b15_iter15:7.624559104442596
DEVICE_f14_iter15:2.905897796154022
DEVICE_b14_iter15:7.56477564573288
DEVICE_f13_iter15:2.8959140181541443
DEVICE_b13_iter15:7.597152143716812
DEVICE_f12_iter15:2.865821123123169
DEVICE_b12_iter15:7.509440183639526
DEVICE_f11_iter15:2.8796009719371796
DEVICE_b11_iter15:7.576156407594681
DEVICE_f10_iter15:2.892147749662399
3DEVICE_b10_iter15:7.5831338763237
DEVICE_f9_iter15:2.88341566920280
46DEVICE_b9_iter15:7.541242986917496
DEVICE_f8_iter15:2.8779245913028717
DEVICE_b8_iter15:7.584806531667709
DEVICE_f7_iter15:2.89786607027053
83DEVICE_b7_iter15:7.595755159854889
DEVICE_f6_iter15:2.9123686254024506
DEVICE_b6_iter15:7.596936076879501
DEVICE_f5_iter15:2.89944931864738
46DEVICE_b5_iter15:7.64087587594986
DEVICE_f4_iter15:2.87063792347908
DEVICE_b4_iter15:7.544893771409988
DEVICE_f3_iter15:2.86266952753067
DEVICE_b3_iter15:7.580474019050598
DEVICE_f2_iter15:2.90204584598541
26DEVICE_b2_iter15:7.619000971317291
DEVICE_f1_iter15:2.8731264173984528
DEVICE_b1_iter15:7.541768252849579
DEVICE_f0_iter15:3.09945270419120
8DEVICE_b0_iter15:8.48277285695076
pipeline_time_0iter15:2760.697603225708
