DEVICE_f15_iter563:3.5140961408615112
DEVICE_b15_iter563:3.200829029083252
DEVICE_f14_iter563:2.063751220703125
DEVICE_b14_iter563:2.1309256553649902
DEVICE_f13_iter563:2.109706401824951
DEVICE_b13_iter563:2.231881022453308
DEVICE_f12_iter563:2.004384994506836
DEVICE_b12_iter563:2.157360315322876
DEVICE_f11_iter563:2.010226249694824
DEVICE_b11_iter563:2.161756157875061
DEVICE_f10_iter563:2.0816922187805176
DEVICE_b10_iter563:2.1924972534179688
DEVICE_f9_iter563:2.0589977502822876
DEVICE_b9_iter563:2.150595188140869
DEVICE_f8_iter563:2.3025572299957275
DEVICE_b8_iter563:2.7323514223098755
DEVICE_f7_iter563:1.798003911972046
DEVICE_b7_iter563:3.0073076486587524
DEVICE_f6_iter563:1.8411725759506226
DEVICE_b6_iter563:2.8975605964660645
DEVICE_f5_iter563:1.7705857753753662
DEVICE_b5_iter563:2.900943160057068
DEVICE_f4_iter563:1.7717331647872925
DEVICE_b4_iter563:2.8645992279052734
DEVICE_f3_iter563:1.8007904291152954
DEVICE_b3_iter563:2.864331007003784
DEVICE_f2_iter563:1.7713457345962524
DEVICE_b2_iter563:2.858087420463562
DEVICE_f1_iter563:1.8322765827178955
DEVICE_b1_iter563:2.938494086265564
DEVICE_f0_iter563:1.9887834787368774
DEVICE_b0_iter563:3.5216808319091797
pipeline_time_0:211.14230155944824
