DEVICE_f7:14.988981187343597
DEVICE_b7:21.23308926820755
DEVICE_f6:9.692385792732239
DEVICE_b6:17.885394394397736
DEVICE_f5:9.742185473442078
DEVICE_b5:17.83231645822525
DEVICE_f4:10.06682962179184
DEVICE_b4:18.54836940765381
DEVICE_f3:15.884198248386383
DEVICE_b3:29.90870177745819
DEVICE_f2:15.641480684280396
DEVICE_b2:29.235191643238068
DEVICE_f1:15.845991671085358
DEVICE_b1:29.566586017608643
DEVICE_f0:16.267217695713043
DEVICE_b0:30.57679533958435
pipeline_time_0:1717.320203781128
