DEVICE_f7:8.444026112556458
DEVICE_b7:11.734724044799805
DEVICE_f6:5.451634526252747
DEVICE_b6:9.836196899414062
DEVICE_f5:5.5518001317977905
DEVICE_b5:9.927034378051758
DEVICE_f4:6.006389856338501
DEVICE_b4:10.625973343849182
DEVICE_f3:8.139729499816895
DEVICE_b3:15.66663384437561
DEVICE_f2:7.996305823326111
DEVICE_b2:15.217944979667664
DEVICE_f1:8.00161063671112
DEVICE_b1:15.212446451187134
DEVICE_f0:8.218303322792053
DEVICE_b0:15.924632549285889
pipeline_time_0:517.2617435455322
