DEVICE_f7:8.435189723968506
DEVICE_b7:11.725403368473053
DEVICE_f6:5.449339747428894
DEVICE_b6:9.839005768299103
DEVICE_f5:5.624018609523773
DEVICE_b5:9.909644722938538
DEVICE_f4:6.01571798324585
DEVICE_b4:10.531604290008545
DEVICE_f3:8.11585783958435
DEVICE_b3:15.506573021411896
DEVICE_f2:8.079573512077332
DEVICE_b2:15.300273895263672
DEVICE_f1:8.055135607719421
DEVICE_b1:15.270628035068512
DEVICE_f0:8.347101509571075
DEVICE_b0:16.034431755542755
pipeline_time_0:916.3095951080322
