DEVICE_f7:14.823764562606812
DEVICE_b7:21.135002374649048
DEVICE_f6:9.532004594802856
DEVICE_b6:17.85987615585327
DEVICE_f5:9.52497124671936
DEVICE_b5:17.76343584060669
DEVICE_f4:9.856611490249634
DEVICE_b4:18.477320671081543
DEVICE_f3:15.411078929901123
DEVICE_b3:29.438763856887817
DEVICE_f2:15.341073274612427
DEVICE_b2:28.663188219070435
DEVICE_f1:15.434980392456055
DEVICE_b1:28.59458327293396
DEVICE_f0:15.890032052993774
DEVICE_b0:29.47208285331726
pipeline_time_0:567.6884651184082
