DEVICE_f7:8.600521832704544
DEVICE_b7:11.753171682357788
DEVICE_f6:5.612798035144806
DEVICE_b6:9.884875267744064
DEVICE_f5:5.730155855417252
DEVICE_b5:9.953495115041733
DEVICE_f4:6.158981472253799
DEVICE_b4:10.640330612659454
DEVICE_f3:8.16035270690918
DEVICE_b3:15.567276626825333
DEVICE_f2:8.082598447799683
DEVICE_b2:15.283063054084778
DEVICE_f1:8.137214928865433
DEVICE_b1:15.364203602075577
DEVICE_f0:8.523140102624893
DEVICE_b0:16.124945133924484
pipeline_time_0:1737.22505569458
