DEVICE_f7:14.723405241966248
DEVICE_b7:21.097615361213684
DEVICE_f6:9.529441595077515
DEVICE_b6:17.773553729057312
DEVICE_f5:9.675845503807068
DEVICE_b5:17.81979203224182
DEVICE_f4:9.84184443950653
DEVICE_b4:18.442898988723755
DEVICE_f3:15.672937035560608
DEVICE_b3:29.58884835243225
DEVICE_f2:15.537455677986145
DEVICE_b2:28.98213267326355
DEVICE_f1:15.689149498939514
DEVICE_b1:29.144421219825745
DEVICE_f0:16.057729721069336
DEVICE_b0:29.988393187522888
pipeline_time_0:942.8040981292725
