DEVICE_f7:8.566945791244507
DEVICE_b7:11.814117431640625
DEVICE_f6:5.560338497161865
DEVICE_b6:9.88858938217163
DEVICE_f5:6.200671195983887
DEVICE_b5:10.048717260360718
DEVICE_f4:5.943864583969116
DEVICE_b4:10.6315016746521
DEVICE_f3:8.009344339370728
DEVICE_b3:15.529602766036987
DEVICE_f2:7.906079292297363
DEVICE_b2:15.09559154510498
DEVICE_f1:7.93042778968811
DEVICE_b1:15.053778886795044
DEVICE_f0:8.277058601379395
DEVICE_b0:15.859991312026978
pipeline_time_0:324.74589347839355
