DEVICE_f15_iter177:8.726425468921661
DEVICE_b15_iter177:9.338818490505219
DEVICE_f14_iter177:3.4831538796424866
DEVICE_b14_iter177:6.050899624824524
DEVICE_f13_iter177:3.529392182826996
DEVICE_b13_iter177:6.050392985343933
DEVICE_f12_iter177:3.4969300031661987
DEVICE_b12_iter177:6.042681634426117
DEVICE_f11_iter177:3.576412796974182
DEVICE_b11_iter177:6.089620292186737
DEVICE_f10_iter177:3.5481080412864685
DEVICE_b10_iter177:6.078615784645081
DEVICE_f9_iter177:3.4912750124931335
DEVICE_b9_iter177:6.026826798915863
DEVICE_f8_iter177:3.872118890285492
DEVICE_b8_iter177:6.748385727405548
DEVICE_f7_iter177:5.261436104774475
DEVICE_b7_iter177:9.727925062179565
DEVICE_f6_iter177:5.209073424339294
DEVICE_b6_iter177:9.590893983840942
DEVICE_f5_iter177:5.218960344791412
DEVICE_b5_iter177:9.584665298461914
DEVICE_f4_iter177:5.226321518421173
DEVICE_b4_iter177:9.602896869182587
DEVICE_f3_iter177:5.205258727073669
DEVICE_b3_iter177:9.532533586025238
DEVICE_f2_iter177:5.170546472072601
DEVICE_b2_iter177:9.458556771278381
DEVICE_f1_iter177:5.1659345626831055
DEVICE_b1_iter177:9.469233453273773
DEVICE_f0_iter177:5.471602082252502
DEVICE_b0_iter177:10.511547327041626
peline_time_0:800.8854389190674
