DEVICE_f15_iter50:8.708104491233826
DEVICE_b15_iter50:9.359776973724365
DEVICE_f14_iter50:3.420621156692505
DEVICE_b14_iter50:5.993053317070007
DEVICE_f13_iter50:3.4568458795547485
DEVICE_b13_iter50:6.048858165740967
DEVICE_f12_iter50:3.441333770751953
DEVICE_b12_iter50:6.017312407493591
DEVICE_f11_iter50:3.4869015216827393
DEVICE_b11_iter50:6.020247936248779
DEVICE_f10_iter50:3.4777671098709106
DEVICE_b10_iter50:6.079226732254028
DEVICE_f9_iter50:3.4993886947631836
DEVICE_b9_iter50:6.073206663131714
DEVICE_f8_iter50:3.6666840314865112
DEVICE_b8_iter50:6.661802530288696
DEVICE_f7_iter50:5.23926317691803
DEVICE_b7_iter50:9.697586297988892
DEVICE_f6_iter50:5.178242921829224
DEVICE_b6_iter50:9.507909417152405
DEVICE_f5_iter50:5.189716815948486
DEVICE_b5_iter50:9.534969925880432
DEVICE_f4_iter50:5.225345492362976
DEVICE_b4_iter50:9.59046185016632
DEVICE_f3_iter50:5.23810088634491
DEVICE_b3_iter50:9.563937783241272
DEVICE_f2_iter50:5.245834589004517
DEVICE_b2_iter50:9.637966752052307
DEVICE_f1_iter50:5.2208006381988525
DEVICE_b1_iter50:9.59053635597229
DEVICE_f0_iter50:5.423367023468018
DEVICE_b0_iter50:10.233402252197266
pipeline_time_0:503.65304946899414
