DEVICE_f15_iter95:5.2893683314323425
DEVICE_b15_iter95:5.22477924823761
DEVICE_f14_iter95:2.460695803165436
DEVICE_b14_iter95:3.398992121219635
DEVICE_f13_iter95:2.4565160274505615
DEVICE_b13_iter95:3.403283655643463
DEVICE_f12_iter95:2.37303227186203
DEVICE_b12_iter95:3.3566951751708984
DEVICE_f11_iter95:2.4783462285995483
DEVICE_b11_iter95:3.4095868468284607
DEVICE_f10_iter95:2.4589747190475464
DEVICE_b10_iter95:3.405332565307617
DEVICE_f9_iter95:2.521395683288574
DEVICE_b9_iter95:3.4520775079727173
DEVICE_f8_iter95:2.6923716068267822
DEVICE_b8_iter95:3.9975792169570923
DEVICE_f7_iter95:2.8546005487442017
DEVICE_b7_iter95:5.250349640846252
DEVICE_f6_iter95:2.8665661811828613
DEVICE_b6_iter95:5.188316106796265
DEVICE_f5_iter95:2.8671398758888245
DEVICE_b5_iter95:5.139090120792389
DEVICE_f4_iter95:2.8853043913841248
DEVICE_b4_iter95:5.175426602363586
DEVICE_f3_iter95:2.843417227268219
DEVICE_b3_iter95:5.111768841743469
DEVICE_f2_iter95:2.8339028358459473
DEVICE_b2_iter95:5.1606446504592896
DEVICE_f1_iter95:2.814248204231262
DEVICE_b1_iter95:5.122467875480652
DEVICE_f0_iter95:3.062725067138672
DEVICE_b0_iter95:5.834177136421204
pipeline_time_0:473.3552932739258
