DEVICE_f15_iter99:5.376045902570088
DEVICE_b15_iter99:5.219017465909322
DEVICE_f14_iter99:2.475455403327942
DEVICE_b14_iter99:3.3988654613494873
DEVICE_f13_iter99:2.3858348528544107
DEVICE_b13_iter99:3.3685465653737388
DEVICE_f12_iter99:2.3703277111053467
DEVICE_b12_iter99:3.3518721659978232
DEVICE_f11_iter99:2.536152799924215
DEVICE_b11_iter99:3.4353087345759072
DEVICE_f10_iter99:2.3829092582066855
DEVICE_b10_iter99:3.3652931451797485
DEVICE_f9_iter99:2.433131138483683
DEVICE_b9_iter99:3.4183859825134277
DEVICE_f8_iter99:2.757479747136434
DEVICE_b8_iter99:4.034638404846191
DEVICE_f7_iter99:2.8673559427261353
DEVICE_b7_iter99:5.242953697840373
DEVICE_f6_iter99:2.835924426714579
DEVICE_b6_iter99:5.154560009638469
DEVICE_f5_iter99:2.8216540813446045
DEVICE_b5_iter99:5.102396011352539
DEVICE_f4_iter99:2.8455754121144614
DEVICE_b4_iter99:5.14693558216095
DEVICE_f3_iter99:2.8302272160847983
DEVICE_b3_iter99:5.127047499020894
DEVICE_f2_iter99:2.7956614891688027
DEVICE_b2_iter99:5.095879236857097
DEVICE_f1_iter99:2.8477758169174194
DEVICE_b1_iter99:5.137850840886434
DEVICE_f0_iter99:3.0494232972462973
DEVICE_b0_iter99:5.76426088809967
pipeline_time_0:642.9135799407959
