iDEVICE_f15_iter137:5.201399326324463
DEVICE_b15_iter137:5.135539919137955
DEVICE_f14_iter137:2.4692565202713013
DEVICE_b14_iter137:3.415372222661972
DEVICE_f13_iter137:2.5495290756225586
DEVICE_b13_iter137:3.408249467611313
DEVICE_f12_iter137:2.4726055562496185
DEVICE_b12_iter137:3.4035593271255493
DEVICE_f11_iter137:2.549402415752411
DEVICE_b11_iter137:3.44838947057724
DEVICE_f10_iter137:2.465803176164627
DEVICE_b10_iter137:3.4203380346298218
DEVICE_f9_iter137:2.4686679244041443
DEVICE_b9_iter137:3.3964067697525024
DEVICE_f8_iter137:2.7664750814437866
DEVICE_b8_iter137:4.020471125841141
DEVICE_f7_iter137:2.796601504087448
DEVICE_b7_iter137:5.182158201932907
DEVICE_f6_iter137:2.814255654811859
DEVICE_b6_iter137:5.180958658456802
DEVICE_f5_iter137:2.842981368303299
DEVICE_b5_iter137:5.135893821716309
DEVICE_f4_iter137:2.835392951965332
DEVICE_b4_iter137:5.131099373102188
DEVICE_f3_iter137:2.9229819774627686
DEVICE_b3_iter137:5.169760435819626
DEVICE_f2_iter137:2.8102844953536987
DEVICE_b2_iter137:5.094151943922043
DEVICE_f1_iter137:2.7923844754695892
DEVICE_b1_iter137:5.080230534076691
DEVICE_f0_iter137:3.1361952424049377
DEVICE_b0_iter137:5.788173526525497
pipeline_time_0:829.2875289916992
