DEVICE_f15_iter135:5.398064851760864
DEVICE_b15_iter135:5.2277445793151855
DEVICE_f14_iter135:2.4877190589904785
DEVICE_b14_iter135:3.425195813179016
DEVICE_f13_iter135:2.406507730484009
DEVICE_b13_iter135:3.3822357654571533
DEVICE_f12_iter135:2.4641305208206177
DEVICE_b12_iter135:3.421217203140259
DEVICE_f11_iter135:2.4448037147521973
DEVICE_b11_iter135:3.411203622817993
DEVICE_f10_iter135:2.422243356704712
DEVICE_b10_iter135:3.421381115913391
DEVICE_f9_iter135:2.4423152208328247
DEVICE_b9_iter135:3.431648015975952
DEVICE_f8_iter135:2.6991069316864014
DEVICE_b8_iter135:4.034936428070068
DEVICE_f7_iter135:2.8431564569473267
DEVICE_b7_iter135:5.236297845840454
DEVICE_f6_iter135:2.8568506240844727
DEVICE_b6_iter135:5.164280533790588
DEVICE_f5_iter135:2.8438568115234375
DEVICE_b5_iter135:5.125954747200012
DEVICE_f4_iter135:2.8276443481445312
DEVICE_b4_iter135:5.124330520629883
DEVICE_f3_iter135:2.8095543384552
DEVICE_b3_iter135:5.120769143104553
DEVICE_f2_iter135:2.829805016517639
DEVICE_b2_iter135:5.1199644804000854
DEVICE_f1_iter135:2.8276443481445312
DEVICE_b1_iter135:5.1394253969192505
DEVICE_f0_iter135:2.9929280281066895
DEVICE_b0_iter135:5.763784050941467
pipeline_time_0:303.3137321472168
