DEVICE_f15_iter25:8.712928742170334
DEVICE_b15_iter25:9.352970868349075
DEVICE_f14_iter25:3.504503518342972
DEVICE_b14_iter25:6.075825542211533
DEVICE_f13_iter25:3.451019525527954
DEVICE_b13_iter25:6.041616201400757
DEVICE_f12_iter25:3.4472569823265076
DEVICE_b12_iter25:6.037786602973938
DEVICE_f11_iter25:3.5588741302490234
DEVICE_b11_iter25:6.0826316475868225
DEVICE_f10_iter25:3.471583127975464
DEVICE_b10_iter25:6.0363709926605225
DEVICE_f9_iter25:3.5670772194862366
DEVICE_b9_iter25:6.07580691576004
DEVICE_f8_iter25:3.7330500781536102
DEVICE_b8_iter25:6.691064685583115
DEVICE_f7_iter25:5.26244193315506
DEVICE_b7_iter25:9.75402444601059
DEVICE_f6_iter25:5.196962505578995
DEVICE_b6_iter25:9.639821946620941
DEVICE_f5_iter25:5.197376012802124
DEVICE_b5_iter25:9.592592716217041
DEVICE_f4_iter25:5.244467407464981
DEVICE_b4_iter25:9.669475257396698
DEVICE_f3_iter25:5.256965756416321
DEVICE_b3_iter25:9.649574756622314
DEVICE_f2_iter25:5.242742598056793
DEVICE_b2_iter25:9.622495621442795
DEVICE_f1_iter25:5.236312747001648
DEVICE_b1_iter25:9.609237313270569
DEVICE_f0_iter25:5.463209003210068
DEVICE_b0_iter25:10.358944535255432
pipeline_time_0:1395.4763412475586
