DEVICE_f15_iter44:8.695776263872782
DEVICE_b15_iter44:9.33582087357839
DEVICE_f14_iter44:3.541966279347738
DEVICE_b14_iter44:6.072287758191426
DEVICE_f13_iter44:3.469844659169515
DEVICE_b13_iter44:6.032402316729228
DEVICE_f12_iter44:3.472020228703817
DEVICE_b12_iter44:6.030018130938212
DEVICE_f11_iter44:3.3925523360570273
DEVICE_b11_iter44:5.980655550956726
DEVICE_f10_iter44:3.399734695752462
DEVICE_b10_iter44:5.9820810953776045
DEVICE_f9_iter44:3.4390687942504883
DEVICE_b9_iter44:6.054093440373738
DEVICE_f8_iter44:3.7456750869750977
DEVICE_b8_iter44:6.718153754870097
DEVICE_f7_iter44:5.257725715637207
DEVICE_b7_iter44:9.736359119415283
DEVICE_f6_iter44:5.177780985832214
DEVICE_b6_iter44:9.54038898150126
DEVICE_f5_iter44:5.204141139984131
DEVICE_b5_iter44:9.570797284444174
DEVICE_f4_iter44:5.25684654712677
DEVICE_b4_iter44:9.660939375559488
DEVICE_f3_iter44:5.242357651392619
DEVICE_b3_iter44:9.600112835566202
DEVICE_f2_iter44:5.240102608998616
DEVICE_b2_iter44:9.596879283587137
DEVICE_f1_iter44:5.2262792984644575
DEVICE_b1_iter44:9.586811065673828
DEVICE_f0_iter44:5.456676085789998
DEVICE_b0_iter44:10.299310088157654
pipeline_time_0:1096.4183807373047
