DEVICE_f31_iter157:5.406538024544716
DEVICE_b31_iter157:5.233727395534515
DEVICE_f30_iter157:2.5533121079206467
DEVICE_b30_iter157:3.457494080066681
DEVICE_f29_iter157:2.464650198817253
DEVICE_b29_iter157:3.421664237976074
DEVICE_f28_iter157:2.493772655725479
DEVICE_b28_iter157:3.4249424934387207
DEVICE_f27_iter157:2.406977117061615
DEVICE_b27_iter157:3.378387540578842
DEVICE_f26_iter157:2.4956148117780685
DEVICE_b26_iter157:3.4275613725185394
DEVICE_f25_iter157:2.5123246014118195
DEVICE_b25_iter157:3.4246984869241714
DEVICE_f24_iter157:2.4616848677396774
DEVICE_b24_iter157:3.423897549510002
DEVICE_f23_iter157:2.516675740480423
DEVICE_b23_iter157:3.4153275191783905
DEVICE_f22_iter157:2.5868210941553116
DEVICE_b22_iter157:3.5584215074777603
DEVICE_f21_iter157:2.463545650243759
DEVICE_b21_iter157:3.417937085032463
DEVICE_f20_iter157:2.460641786456108
DEVICE_b20_iter157:3.410596400499344
DEVICE_f19_iter157:2.4579819291830063
DEVICE_b19_iter157:3.4328438341617584
DEVICE_f18_iter157:2.493409439921379
DEVICE_b18_iter157:3.4342557191848755
DEVICE_f17_iter157:2.534691244363785
DEVICE_b17_iter157:3.457937389612198
DEVICE_f16_iter157:2.874040976166725
DEVICE_b16_iter157:4.067845642566681
DEVICE_f15_iter157:2.8433967381715775
DEVICE_b15_iter157:5.2315182983875275
DEVICE_f14_iter157:2.8253160417079926
DEVICE_b14_iter157:5.187055096030235
DEVICE_f13_iter157:2.82946415245533
DEVICE_b13_iter157:5.137382075190544
DEVICE_f12_iter157:2.913244068622589
DEVICE_b12_iter157:5.146661773324013
DEVICE_f11_iter157:2.8869155794382095
DEVICE_b11_iter157:5.157770588994026
DEVICE_f10_iter157:2.865312620997429
DEVICE_b10_iter157:5.1406193524599075
DEVICE_f9_iter157:2.872239798307419
DEVICE_b9_iter157:5.164945498108864
DEVICE_f8_iter157:2.8862152248620987
DEVICE_b8_iter157:5.162455141544342
DEVICE_f7_iter157:2.8306879103183746
DEVICE_b7_iter157:5.109051242470741
DEVICE_f6_iter157:2.8166212141513824
DEVICE_b6_iter157:5.1499176770448685
DEVICE_f5_iter157:2.888603135943413
DEVICE_b5_iter157:5.164219066500664
DEVICE_f4_iter157:2.8259344398975372
DEVICE_b4_iter157:5.126386880874634
DEVICE_f3_iter157:2.8370488435029984
DEVICE_b3_iter157:5.138404667377472
DEVICE_f2_iter157:2.812439575791359
DEVICE_b2_iter157:5.103161558508873
DEVICE_f1_iter157:2.810528501868248
DEVICE_b1_iter157:5.092136561870575
DEVICE_f0_iter157:3.1094439327716827
DEVICE_b0_iter157:5.803564563393593
pipeline_time_0:1669.9094772338867
