DEVICE_f31_iter156:5.290769040584564
DEVICE_b31_iter156:5.1735565066337585
DEVICE_f30_iter156:2.5705546140670776
DEVICE_b30_iter156:3.465898334980011
DEVICE_f29_iter156:2.4857744574546814
DEVICE_b29_iter156:3.438025712966919
DEVICE_f28_iter156:2.4741068482398987
DEVICE_b28_iter156:3.4145712852478027
DEVICE_f27_iter156:2.4831071496009827
DEVICE_b27_iter156:3.4157633781433105
DEVICE_f26_iter156:2.5040805339813232
DEVICE_b26_iter156:3.442026674747467
DEVICE_f25_iter156:2.493530511856079
DEVICE_b25_iter156:3.4123510122299194
DEVICE_f24_iter156:2.4599283933639526
DEVICE_b24_iter156:3.43196839094162
DEVICE_f23_iter156:2.454720437526703
DEVICE_b23_iter156:3.407612442970276
DEVICE_f22_iter156:2.4234503507614136
DEVICE_b22_iter156:3.4622922539711
DEVICE_f21_iter156:2.520360052585602
DEVICE_b21_iter156:3.4590214490890503
DEVICE_f20_iter156:2.522498369216919
DEVICE_b20_iter156:3.4620314836502075
DEVICE_f19_iter156:2.3751184344291687
DEVICE_b19_iter156:3.389596939086914
DEVICE_f18_iter156:2.4448782205581665
DEVICE_b18_iter156:3.456331789493561
DEVICE_f17_iter156:2.477489411830902
DEVICE_b17_iter156:3.4569650888442993
DEVICE_f16_iter156:2.7646198868751526
DEVICE_b16_iter156:4.056252539157867
DEVICE_f15_iter156:2.8958767652511597
DEVICE_b15_iter156:5.302272737026215
DEVICE_f14_iter156:2.842158079147339
DEVICE_b14_iter156:5.127251148223877
DEVICE_f13_iter156:2.944044768810272
DEVICE_b13_iter156:5.147784948348999
DEVICE_f12_iter156:2.8454065322875977
DEVICE_b12_iter156:5.140647292137146
DEVICE_f11_iter156:2.782754600048065
DEVICE_b11_iter156:5.0770193338394165
DEVICE_f10_iter156:2.8103068470954895
DEVICE_b10_iter156:5.091041326522827
DEVICE_f9_iter156:2.8092488646507263
DEVICE_b9_iter156:5.153924226760864
DEVICE_f8_iter156:2.86700576543808
DEVICE_b8_iter156:5.143269896507263
DEVICE_f7_iter156:2.7868151664733887
DEVICE_b7_iter156:5.088865756988525
DEVICE_f6_iter156:2.8237923979759216
DEVICE_b6_iter156:5.111567676067352
DEVICE_f5_iter156:2.8591379523277283
DEVICE_b5_iter156:5.145348608493805
DEVICE_f4_iter156:2.834916114807129
DEVICE_b4_iter156:5.155876278877258
DEVICE_f3_iter156:2.8172358870506287
DEVICE_b3_iter156:5.115590989589691
DEVICE_f2_iter156:2.82306969165802
DEVICE_b2_iter156:5.108557641506195
DEVICE_f1_iter156:2.776220440864563
DEVICE_b1_iter156:5.0889477133750916
DEVICE_f0_iter156:3.0241087079048157
DEVICE_b0_iter156:5.773976445198059
ipipeline_time_0:613.9850616455078
