DEVICE_f31_iter157:5.290951579809189
DEVICE_b31_iter157:5.195122212171555
DEVICE_f30_iter157:2.479374408721924
DEVICE_b30_iter157:3.4403130412101746
DEVICE_f29_iter157:2.4614334106445312
DEVICE_b29_iter157:3.416653722524643
DEVICE_f28_iter157:2.5611668825149536
DEVICE_b28_iter157:3.4501180052757263
DEVICE_f27_iter157:2.551395446062088
DEVICE_b27_iter157:3.4585371613502502
DEVICE_f26_iter157:2.4882927536964417
DEVICE_b26_iter157:3.438599407672882
DEVICE_f25_iter157:2.4919025599956512
DEVICE_b25_iter157:3.412347286939621
DEVICE_f24_iter157:2.4592317640781403
DEVICE_b24_iter157:3.4390799701213837
DEVICE_f23_iter157:2.474449574947357
DEVICE_b23_iter157:3.4288056194782257
DEVICE_f22_iter157:2.538323402404785
DEVICE_b22_iter157:3.523048013448715
DEVICE_f21_iter157:2.3824311792850494
DEVICE_b21_iter157:3.3794865012168884
DEVICE_f20_iter157:2.4670958518981934
DEVICE_b20_iter157:3.434799611568451
DEVICE_f19_iter157:2.3872926831245422
DEVICE_b19_iter157:3.3768489956855774
DEVICE_f18_iter157:2.4679675698280334
DEVICE_b18_iter157:3.4241750836372375
DEVICE_f17_iter157:2.4540163576602936
DEVICE_b17_iter157:3.420274704694748
DEVICE_f16_iter157:2.7468539774417877
DEVICE_b16_iter157:4.047110676765442
DEVICE_f15_iter157:2.8756894171237946
DEVICE_b15_iter157:5.275562405586243
DEVICE_f14_iter157:2.795986831188202
DEVICE_b14_iter157:5.146589130163193
DEVICE_f13_iter157:2.8518326580524445
DEVICE_b13_iter157:5.141258239746094
DEVICE_f12_iter157:2.8323568403720856
DEVICE_b12_iter157:5.12777641415596
DEVICE_f11_iter157:2.784065902233124
DEVICE_b11_iter157:5.09880855679512
DEVICE_f10_iter157:2.940785139799118
DEVICE_b10_iter157:5.136676132678986
DEVICE_f9_iter157:2.880450338125229
DEVICE_b9_iter157:5.159653723239899
DEVICE_f8_iter157:2.8566569089889526
DEVICE_b8_iter157:5.134165287017822
DEVICE_f7_iter157:2.767115831375122
DEVICE_b7_iter157:5.076121538877487
DEVICE_f6_iter157:2.895805984735489
DEVICE_b6_iter157:5.188301205635071
DEVICE_f5_iter157:2.8332769870758057
DEVICE_b5_iter157:5.120228976011276
DEVICE_f4_iter157:2.864450216293335
DEVICE_b4_iter157:5.150355398654938
DEVICE_f3_iter157:2.826876938343048
DEVICE_b3_iter157:5.138210952281952
DEVICE_f2_iter157:2.804681658744812
DEVICE_b2_iter157:5.096305161714554
DEVICE_f1_iter157:2.7638524770736694
DEVICE_b1_iter157:5.04770502448082
DEVICE_f0_iter157:3.0264444649219513
DEVICE_b0_iter157:5.792427808046341
pipeline_time_0:976.4156341552734
