DEVICE_f7_iter27:8.54066014289856
DEVICE_b7_iter27:9.301692247390747
DEVICE_f6_iter27:3.456681966781616
DEVICE_b6_iter27:6.017804145812988
DEVICE_f5_iter27:3.5693347454071045
DEVICE_b5_iter27:6.085038185119629
DEVICE_f4_iter27:3.8696229457855225
DEVICE_b4_iter27:6.747812032699585
DEVICE_f3_iter27:5.228906869888306
DEVICE_b3_iter27:9.64897871017456
DEVICE_f2_iter27:5.201429128646851
DEVICE_b2_iter27:9.486854076385498
DEVICE_f1_iter27:5.109637975692749
DEVICE_b1_iter27:9.44972038269043
DEVICE_f0_iter27:5.371809005737305
DEVICE_b0_iter27:10.265886783599854
pipeline_time_0:242.53296852111816
