DEVICE_f7_iter54:8.654385805130005
DEVICE_b7_iter54:9.318443015217781
DEVICE_f6_iter54:3.4898221492767334
DEVICE_b6_iter54:6.0240738093853
DEVICE_f5_iter54:3.4950170665979385
DEVICE_b5_iter54:6.023021414875984
DEVICE_f4_iter54:3.754241392016411
DEVICE_b4_iter54:6.648950278759003
DEVICE_f3_iter54:5.33989816904068
DEVICE_b3_iter54:9.949812665581703
DEVICE_f2_iter54:5.206761881709099
DEVICE_b2_iter54:9.544823318719864
DEVICE_f1_iter54:5.2073802798986435
DEVICE_b1_iter54:9.58060659468174
DEVICE_f0_iter54:5.414146929979324
DEVICE_b0_iter54:10.340964421629906
pipeline_time_0:2479.644536972046
