DEVICE_f7_iter54:8.640028536319733
DEVICE_b7_iter54:9.334184229373932
DEVICE_f6_iter54:3.436245024204254
DEVICE_b6_iter54:6.005682051181793
DEVICE_f5_iter54:3.425218164920807
DEVICE_b5_iter54:5.994439125061035
DEVICE_f4_iter54:3.6623626947402954
DEVICE_b4_iter54:6.5941959619522095
DEVICE_f3_iter54:5.266435444355011
DEVICE_b3_iter54:9.710229933261871
DEVICE_f2_iter54:5.192391574382782
DEVICE_b2_iter54:9.511016309261322
DEVICE_f1_iter54:5.152478814125061
DEVICE_b1_iter54:9.515419602394104
DEVICE_f0_iter54:5.469851195812225
DEVICE_b0_iter54:10.298863053321838
pipeline_time_0:687.9417896270752
