DEVICE_f7_iter44:8.771512657403946
DEVICE_b7_iter44:9.407822042703629
DEVICE_f6_iter44:3.4836679697036743
DEVICE_b6_iter44:6.037745624780655
DEVICE_f5_iter44:3.4911558032035828
DEVICE_b5_iter44:6.031062453985214
DEVICE_f4_iter44:3.8994960486888885
DEVICE_b4_iter44:6.700795143842697
DEVICE_f3_iter44:5.298186093568802
DEVICE_b3_iter44:9.801659733057022
DEVICE_f2_iter44:5.172267556190491
DEVICE_b2_iter44:9.505756199359894
DEVICE_f1_iter44:5.144573748111725
DEVICE_b1_iter44:9.494826197624207
DEVICE_f0_iter44:5.433227866888046
DEVICE_b0_iter44:10.322380810976028
pipeline_time_0:1281.4640998840332
