DEVICE_f7_iter28:8.653879165649414
DEVICE_b7_iter28:9.317189455032349
DEVICE_f6_iter28:3.5714954137802124
DEVICE_b6_iter28:6.0545653104782104
DEVICE_f5_iter28:3.576517105102539
DEVICE_b5_iter28:6.103426218032837
DEVICE_f4_iter28:4.020094871520996
DEVICE_b4_iter28:6.747901439666748
DEVICE_f3_iter28:5.2247196435928345
DEVICE_b3_iter28:9.664773941040039
DEVICE_f2_iter28:5.150154232978821
DEVICE_b2_iter28:9.455859661102295
DEVICE_f1_iter28:5.114182829856873
DEVICE_b1_iter28:9.424567222595215
DEVICE_f0_iter28:5.367085337638855
DEVICE_b0_iter28:10.196521878242493
pipeline_time_0:390.6812667846679
